phi2=-0.245776486105883|7.61828174124209E-05
w2=-0.0463823565321243|3.18488545816462E-05
k2=-0.0730713469353095|1.45669641190074E-05
Bx=500
By=9.6557988785397|6.87995781087376E-05
Bz=-97.9728296113735|7.85039609485442E-05
