dX=790.379129877794|0.0139365176438706
dY=-140.050603668521|0.0163910047319721
dZ=-2.88306116316797|0.0117920600769674
na=5.09370487199914|1.0248322337667E-05
phi=0.23686373104943|2.51015981885453E-06
w=0.102155008681878|2.93646754960843E-06
k=-0.0413008771472173|2.16664205626795E-06
