Xs=795.605688549193,Ys=-141.015593713622,Zs=-4.34495469698878,fi=0.23601722197544,w=0.102394603846112,k=-0.041267455884449
mxs=0.184979165497468,mys=0.194337362022371,mzs=0.0971011490758429,mfi=3.25082490315333E-05,mw=3.33770807181166E-05,mk=1.40466466951265E-05
Xsb=3383.12940122453,Ysb=-145.970865105963,Zsb=91.4528136586052,fib=-0.0104863015666677,wb=0.0623119542492922,kb=-0.0887210510237103
mxsb=0.0607037719490782,mysb=0.0653790518552764,mzsb=0.0333896378551619,mfib=1.05560950172625E-05,mwb=1.08649678186619E-05,mkb=4.69825745660897E-06
